Log file created at Jan 20 2024 16:59:43
[INFO] Initializing Game
[INFO] Loading mesh from file: assets/city.obj
[INFO] Successfully Loaded mesh from file: assets/city.obj
[INFO] Loading mesh from file: assets/rocket.obj
[INFO] Successfully Loaded mesh from file: assets/rocket.obj
[INFO] Loading mesh from file: assets/shield.obj
[INFO] Successfully Loaded mesh from file: assets/shield.obj
[INFO] Loading mesh from file: assets/base.obj
[INFO] Successfully Loaded mesh from file: assets/base.obj
[INFO] Loading mesh from file: assets/terrain.obj
[INFO] Successfully Loaded mesh from file: assets/terrain.obj
[INFO] Loading mesh from file: assets/plane.obj
[INFO] Successfully Loaded mesh from file: assets/plane.obj
[INFO] (512.000000, -512.000000, -6000.000000) 
[INFO] (512.000000, 0.000000, 0.000000) 
[INFO] (0.000000, 1.000000, 0.000000) 
[INFO] bruhMatrix: (-1.000000, 0.000000, 0.000000, 0.000000, 0.000000, 0.996379, -0.085024, -510.145996, -0.000000, -0.085024, -0.996379, 5978.273438, 0.000000, 0.000000, 0.000000, 1.000000, ) 
[INFO] (512.000000, -512.000000, -6000.000000) 
[INFO] (512.000000, 0.000000, 0.000000) 
[INFO] (0.000000, 1.000000, 0.000000) 
[INFO] bruhMatrix: (-1.000000, 0.000000, 0.000000, 0.000000, 0.000000, 0.996379, -0.085024, -510.145996, -0.000000, -0.085024, -0.996379, 5978.273438, 0.000000, 0.000000, 0.000000, 1.000000, ) 
[INFO] (512.000000, -512.000000, -6000.000000) 
[INFO] (512.000000, 0.000000, 0.000000) 
[INFO] (0.000000, 1.000000, 0.000000) 
[INFO] bruhMatrix: (-1.000000, 0.000000, 0.000000, 0.000000, 0.000000, 0.996379, -0.085024, -510.145996, -0.000000, -0.085024, -0.996379, 5978.273438, 0.000000, 0.000000, 0.000000, 1.000000, ) 
[INFO] (512.000000, -512.000000, -6000.000000) 
[INFO] (512.000000, 0.000000, 0.000000) 
[INFO] (0.000000, 1.000000, 0.000000) 
[INFO] bruhMatrix: (-1.000000, 0.000000, 0.000000, 0.000000, 0.000000, 0.996379, -0.085024, -510.145996, -0.000000, -0.085024, -0.996379, 5978.273438, 0.000000, 0.000000, 0.000000, 1.000000, ) 
[INFO] (512.000000, -512.000000, -6000.000000) 
[INFO] (512.000000, 0.000000, 0.000000) 
[INFO] (0.000000, 1.000000, 0.000000) 
[INFO] bruhMatrix: (-1.000000, 0.000000, 0.000000, 0.000000, 0.000000, 0.996379, -0.085024, -510.145996, -0.000000, -0.085024, -0.996379, 5978.273438, 0.000000, 0.000000, 0.000000, 1.000000, ) 
[INFO] (512.000000, -512.000000, -6000.000000) 
[INFO] (512.000000, 0.000000, 0.000000) 
[INFO] (0.000000, 1.000000, 0.000000) 
[INFO] bruhMatrix: (-1.000000, 0.000000, 0.000000, 0.000000, 0.000000, 0.996379, -0.085024, -510.145996, -0.000000, -0.085024, -0.996379, 5978.273438, 0.000000, 0.000000, 0.000000, 1.000000, ) 
[INFO] (512.000000, -512.000000, -6000.000000) 
[INFO] (512.000000, 0.000000, 0.000000) 
[INFO] (0.000000, 1.000000, 0.000000) 
[INFO] bruhMatrix: (-1.000000, 0.000000, 0.000000, 0.000000, 0.000000, 0.996379, -0.085024, -510.145996, -0.000000, -0.085024, -0.996379, 5978.273438, 0.000000, 0.000000, 0.000000, 1.000000, ) 
[INFO] (512.000000, -512.000000, -6000.000000) 
[INFO] (512.000000, 0.000000, 0.000000) 
[INFO] (0.000000, 1.000000, 0.000000) 
[INFO] bruhMatrix: (-1.000000, 0.000000, 0.000000, 0.000000, 0.000000, 0.996379, -0.085024, -510.145996, -0.000000, -0.085024, -0.996379, 5978.273438, 0.000000, 0.000000, 0.000000, 1.000000, ) 
[INFO] (512.000000, -512.000000, -6000.000000) 
[INFO] (512.000000, 0.000000, 0.000000) 
[INFO] (0.000000, 1.000000, 0.000000) 
[INFO] bruhMatrix: (-1.000000, 0.000000, 0.000000, 0.000000, 0.000000, 0.996379, -0.085024, -510.145996, -0.000000, -0.085024, -0.996379, 5978.273438, 0.000000, 0.000000, 0.000000, 1.000000, ) 
[INFO] (512.000000, -512.000000, -6000.000000) 
[INFO] (512.000000, 0.000000, 0.000000) 
[INFO] (0.000000, 1.000000, 0.000000) 
[INFO] bruhMatrix: (-1.000000, 0.000000, 0.000000, 0.000000, 0.000000, 0.996379, -0.085024, -510.145996, -0.000000, -0.085024, -0.996379, 5978.273438, 0.000000, 0.000000, 0.000000, 1.000000, ) 
[INFO] (512.000000, -512.000000, -6000.000000) 
[INFO] (512.000000, 0.000000, 0.000000) 
[INFO] (0.000000, 1.000000, 0.000000) 
[INFO] bruhMatrix: (-1.000000, 0.000000, 0.000000, 0.000000, 0.000000, 0.996379, -0.085024, -510.145996, -0.000000, -0.085024, -0.996379, 5978.273438, 0.000000, 0.000000, 0.000000, 1.000000, ) 
[INFO] (512.000000, -512.000000, -6000.000000) 
[INFO] (512.000000, 0.000000, 0.000000) 
[INFO] (0.000000, 1.000000, 0.000000) 
[INFO] bruhMatrix: (-1.000000, 0.000000, 0.000000, 0.000000, 0.000000, 0.996379, -0.085024, -510.145996, -0.000000, -0.085024, -0.996379, 5978.273438, 0.000000, 0.000000, 0.000000, 1.000000, ) 
[INFO] (512.000000, -512.000000, -6000.000000) 
[INFO] (512.000000, 0.000000, 0.000000) 
[INFO] (0.000000, 1.000000, 0.000000) 
[INFO] bruhMatrix: (-1.000000, 0.000000, 0.000000, 0.000000, 0.000000, 0.996379, -0.085024, -510.145996, -0.000000, -0.085024, -0.996379, 5978.273438, 0.000000, 0.000000, 0.000000, 1.000000, ) 
[INFO] (512.000000, -512.000000, -6000.000000) 
[INFO] (512.000000, 0.000000, 0.000000) 
[INFO] (0.000000, 1.000000, 0.000000) 
[INFO] bruhMatrix: (-1.000000, 0.000000, 0.000000, 0.000000, 0.000000, 0.996379, -0.085024, -510.145996, -0.000000, -0.085024, -0.996379, 5978.273438, 0.000000, 0.000000, 0.000000, 1.000000, ) 
[INFO] (512.000000, -512.000000, -6000.000000) 
[INFO] (512.000000, 0.000000, 0.000000) 
[INFO] (0.000000, 1.000000, 0.000000) 
[INFO] bruhMatrix: (-1.000000, 0.000000, 0.000000, 0.000000, 0.000000, 0.996379, -0.085024, -510.145996, -0.000000, -0.085024, -0.996379, 5978.273438, 0.000000, 0.000000, 0.000000, 1.000000, ) 
[INFO] (512.000000, -512.000000, -6000.000000) 
[INFO] (512.000000, 0.000000, 0.000000) 
[INFO] (0.000000, 1.000000, 0.000000) 
[INFO] bruhMatrix: (-1.000000, 0.000000, 0.000000, 0.000000, 0.000000, 0.996379, -0.085024, -510.145996, -0.000000, -0.085024, -0.996379, 5978.273438, 0.000000, 0.000000, 0.000000, 1.000000, ) 
[INFO] (512.000000, -512.000000, -6000.000000) 
[INFO] (512.000000, 0.000000, 0.000000) 
[INFO] (0.000000, 1.000000, 0.000000) 
[INFO] bruhMatrix: (-1.000000, 0.000000, 0.000000, 0.000000, 0.000000, 0.996379, -0.085024, -510.145996, -0.000000, -0.085024, -0.996379, 5978.273438, 0.000000, 0.000000, 0.000000, 1.000000, ) 
[INFO] (512.000000, -512.000000, -6000.000000) 
[INFO] (512.000000, 0.000000, 0.000000) 
[INFO] (0.000000, 1.000000, 0.000000) 
[INFO] bruhMatrix: (-1.000000, 0.000000, 0.000000, 0.000000, 0.000000, 0.996379, -0.085024, -510.145996, -0.000000, -0.085024, -0.996379, 5978.273438, 0.000000, 0.000000, 0.000000, 1.000000, ) 
[INFO] (512.000000, -512.000000, -6000.000000) 
[INFO] (512.000000, 0.000000, 0.000000) 
[INFO] (0.000000, 1.000000, 0.000000) 
[INFO] bruhMatrix: (-1.000000, 0.000000, 0.000000, 0.000000, 0.000000, 0.996379, -0.085024, -510.145996, -0.000000, -0.085024, -0.996379, 5978.273438, 0.000000, 0.000000, 0.000000, 1.000000, ) 
[INFO] (512.000000, -512.000000, -6000.000000) 
[INFO] (512.000000, 0.000000, 0.000000) 
[INFO] (0.000000, 1.000000, 0.000000) 
[INFO] bruhMatrix: (-1.000000, 0.000000, 0.000000, 0.000000, 0.000000, 0.996379, -0.085024, -510.145996, -0.000000, -0.085024, -0.996379, 5978.273438, 0.000000, 0.000000, 0.000000, 1.000000, ) 
[INFO] (512.000000, -512.000000, -6000.000000) 
[INFO] (512.000000, 0.000000, 0.000000) 
[INFO] (0.000000, 1.000000, 0.000000) 
[INFO] bruhMatrix: (-1.000000, 0.000000, 0.000000, 0.000000, 0.000000, 0.996379, -0.085024, -510.145996, -0.000000, -0.085024, -0.996379, 5978.273438, 0.000000, 0.000000, 0.000000, 1.000000, ) 
[INFO] (512.000000, -512.000000, -6000.000000) 
[INFO] (512.000000, 0.000000, 0.000000) 
[INFO] (0.000000, 1.000000, 0.000000) 
[INFO] bruhMatrix: (-1.000000, 0.000000, 0.000000, 0.000000, 0.000000, 0.996379, -0.085024, -510.145996, -0.000000, -0.085024, -0.996379, 5978.273438, 0.000000, 0.000000, 0.000000, 1.000000, ) 
[INFO] (512.000000, -512.000000, -6000.000000) 
[INFO] (512.000000, 0.000000, 0.000000) 
[INFO] (0.000000, 1.000000, 0.000000) 
[INFO] bruhMatrix: (-1.000000, 0.000000, 0.000000, 0.000000, 0.000000, 0.996379, -0.085024, -510.145996, -0.000000, -0.085024, -0.996379, 5978.273438, 0.000000, 0.000000, 0.000000, 1.000000, ) 
[INFO] (512.000000, -512.000000, -6000.000000) 
[INFO] (512.000000, 0.000000, 0.000000) 
[INFO] (0.000000, 1.000000, 0.000000) 
[INFO] bruhMatrix: (-1.000000, 0.000000, 0.000000, 0.000000, 0.000000, 0.996379, -0.085024, -510.145996, -0.000000, -0.085024, -0.996379, 5978.273438, 0.000000, 0.000000, 0.000000, 1.000000, ) 
[INFO] (512.000000, -512.000000, -6000.000000) 
[INFO] (512.000000, 0.000000, 0.000000) 
[INFO] (0.000000, 1.000000, 0.000000) 
[INFO] bruhMatrix: (-1.000000, 0.000000, 0.000000, 0.000000, 0.000000, 0.996379, -0.085024, -510.145996, -0.000000, -0.085024, -0.996379, 5978.273438, 0.000000, 0.000000, 0.000000, 1.000000, ) 
[INFO] (512.000000, -512.000000, -6000.000000) 
[INFO] (512.000000, 0.000000, 0.000000) 
[INFO] (0.000000, 1.000000, 0.000000) 
[INFO] bruhMatrix: (-1.000000, 0.000000, 0.000000, 0.000000, 0.000000, 0.996379, -0.085024, -510.145996, -0.000000, -0.085024, -0.996379, 5978.273438, 0.000000, 0.000000, 0.000000, 1.000000, ) 
[INFO] (512.000000, -512.000000, -6000.000000) 
[INFO] (512.000000, 0.000000, 0.000000) 
[INFO] (0.000000, 1.000000, 0.000000) 
[INFO] bruhMatrix: (-1.000000, 0.000000, 0.000000, 0.000000, 0.000000, 0.996379, -0.085024, -510.145996, -0.000000, -0.085024, -0.996379, 5978.273438, 0.000000, 0.000000, 0.000000, 1.000000, ) 
[INFO] (512.000000, -512.000000, -6000.000000) 
[INFO] (512.000000, 0.000000, 0.000000) 
[INFO] (0.000000, 1.000000, 0.000000) 
[INFO] bruhMatrix: (-1.000000, 0.000000, 0.000000, 0.000000, 0.000000, 0.996379, -0.085024, -510.145996, -0.000000, -0.085024, -0.996379, 5978.273438, 0.000000, 0.000000, 0.000000, 1.000000, ) 
[INFO] (512.000000, -512.000000, -6000.000000) 
[INFO] (512.000000, 0.000000, 0.000000) 
[INFO] (0.000000, 1.000000, 0.000000) 
[INFO] bruhMatrix: (-1.000000, 0.000000, 0.000000, 0.000000, 0.000000, 0.996379, -0.085024, -510.145996, -0.000000, -0.085024, -0.996379, 5978.273438, 0.000000, 0.000000, 0.000000, 1.000000, ) 
[INFO] (512.000000, -512.000000, -6000.000000) 
[INFO] (512.000000, 0.000000, 0.000000) 
[INFO] (0.000000, 1.000000, 0.000000) 
[INFO] bruhMatrix: (-1.000000, 0.000000, 0.000000, 0.000000, 0.000000, 0.996379, -0.085024, -510.145996, -0.000000, -0.085024, -0.996379, 5978.273438, 0.000000, 0.000000, 0.000000, 1.000000, ) 
[INFO] (512.000000, -512.000000, -6000.000000) 
[INFO] (512.000000, 0.000000, 0.000000) 
[INFO] (0.000000, 1.000000, 0.000000) 
[INFO] bruhMatrix: (-1.000000, 0.000000, 0.000000, 0.000000, 0.000000, 0.996379, -0.085024, -510.145996, -0.000000, -0.085024, -0.996379, 5978.273438, 0.000000, 0.000000, 0.000000, 1.000000, ) 
[INFO] (512.000000, -512.000000, -6000.000000) 
[INFO] (512.000000, 0.000000, 0.000000) 
[INFO] (0.000000, 1.000000, 0.000000) 
[INFO] bruhMatrix: (-1.000000, 0.000000, 0.000000, 0.000000, 0.000000, 0.996379, -0.085024, -510.145996, -0.000000, -0.085024, -0.996379, 5978.273438, 0.000000, 0.000000, 0.000000, 1.000000, ) 
[INFO] (512.000000, -512.000000, -6000.000000) 
[INFO] (512.000000, 0.000000, 0.000000) 
[INFO] (0.000000, 1.000000, 0.000000) 
[INFO] bruhMatrix: (-1.000000, 0.000000, 0.000000, 0.000000, 0.000000, 0.996379, -0.085024, -510.145996, -0.000000, -0.085024, -0.996379, 5978.273438, 0.000000, 0.000000, 0.000000, 1.000000, ) 
[INFO] (512.000000, -512.000000, -6000.000000) 
[INFO] (512.000000, 0.000000, 0.000000) 
[INFO] (0.000000, 1.000000, 0.000000) 
[INFO] bruhMatrix: (-1.000000, 0.000000, 0.000000, 0.000000, 0.000000, 0.996379, -0.085024, -510.145996, -0.000000, -0.085024, -0.996379, 5978.273438, 0.000000, 0.000000, 0.000000, 1.000000, ) 
[INFO] (512.000000, -512.000000, -6000.000000) 
[INFO] (512.000000, 0.000000, 0.000000) 
[INFO] (0.000000, 1.000000, 0.000000) 
[INFO] bruhMatrix: (-1.000000, 0.000000, 0.000000, 0.000000, 0.000000, 0.996379, -0.085024, -510.145996, -0.000000, -0.085024, -0.996379, 5978.273438, 0.000000, 0.000000, 0.000000, 1.000000, ) 
[INFO] (512.000000, -512.000000, -6000.000000) 
[INFO] (512.000000, 0.000000, 0.000000) 
[INFO] (0.000000, 1.000000, 0.000000) 
[INFO] bruhMatrix: (-1.000000, 0.000000, 0.000000, 0.000000, 0.000000, 0.996379, -0.085024, -510.145996, -0.000000, -0.085024, -0.996379, 5978.273438, 0.000000, 0.000000, 0.000000, 1.000000, ) 
[INFO] (512.000000, -512.000000, -6000.000000) 
[INFO] (512.000000, 0.000000, 0.000000) 
[INFO] (0.000000, 1.000000, 0.000000) 
[INFO] bruhMatrix: (-1.000000, 0.000000, 0.000000, 0.000000, 0.000000, 0.996379, -0.085024, -510.145996, -0.000000, -0.085024, -0.996379, 5978.273438, 0.000000, 0.000000, 0.000000, 1.000000, ) 
[INFO] (512.000000, -512.000000, -6000.000000) 
[INFO] (512.000000, 0.000000, 0.000000) 
[INFO] (0.000000, 1.000000, 0.000000) 
[INFO] bruhMatrix: (-1.000000, 0.000000, 0.000000, 0.000000, 0.000000, 0.996379, -0.085024, -510.145996, -0.000000, -0.085024, -0.996379, 5978.273438, 0.000000, 0.000000, 0.000000, 1.000000, ) 
[INFO] (512.000000, -512.000000, -6000.000000) 
[INFO] (512.000000, 0.000000, 0.000000) 
[INFO] (0.000000, 1.000000, 0.000000) 
[INFO] bruhMatrix: (-1.000000, 0.000000, 0.000000, 0.000000, 0.000000, 0.996379, -0.085024, -510.145996, -0.000000, -0.085024, -0.996379, 5978.273438, 0.000000, 0.000000, 0.000000, 1.000000, ) 
[INFO] (512.000000, -512.000000, -6000.000000) 
[INFO] (512.000000, 0.000000, 0.000000) 
[INFO] (0.000000, 1.000000, 0.000000) 
[INFO] bruhMatrix: (-1.000000, 0.000000, 0.000000, 0.000000, 0.000000, 0.996379, -0.085024, -510.145996, -0.000000, -0.085024, -0.996379, 5978.273438, 0.000000, 0.000000, 0.000000, 1.000000, ) 
[INFO] (512.000000, -512.000000, -6000.000000) 
[INFO] (512.000000, 0.000000, 0.000000) 
[INFO] (0.000000, 1.000000, 0.000000) 
[INFO] bruhMatrix: (-1.000000, 0.000000, 0.000000, 0.000000, 0.000000, 0.996379, -0.085024, -510.145996, -0.000000, -0.085024, -0.996379, 5978.273438, 0.000000, 0.000000, 0.000000, 1.000000, ) 
[INFO] (512.000000, -512.000000, -6000.000000) 
[INFO] (512.000000, 0.000000, 0.000000) 
[INFO] (0.000000, 1.000000, 0.000000) 
[INFO] bruhMatrix: (-1.000000, 0.000000, 0.000000, 0.000000, 0.000000, 0.996379, -0.085024, -510.145996, -0.000000, -0.085024, -0.996379, 5978.273438, 0.000000, 0.000000, 0.000000, 1.000000, ) 
[INFO] (512.000000, -512.000000, -6000.000000) 
[INFO] (512.000000, 0.000000, 0.000000) 
[INFO] (0.000000, 1.000000, 0.000000) 
[INFO] bruhMatrix: (-1.000000, 0.000000, 0.000000, 0.000000, 0.000000, 0.996379, -0.085024, -510.145996, -0.000000, -0.085024, -0.996379, 5978.273438, 0.000000, 0.000000, 0.000000, 1.000000, ) 
[INFO] (512.000000, -512.000000, -6000.000000) 
[INFO] (512.000000, 0.000000, 0.000000) 
[INFO] (0.000000, 1.000000, 0.000000) 
[INFO] bruhMatrix: (-1.000000, 0.000000, 0.000000, 0.000000, 0.000000, 0.996379, -0.085024, -510.145996, -0.000000, -0.085024, -0.996379, 5978.273438, 0.000000, 0.000000, 0.000000, 1.000000, ) 
[INFO] (512.000000, -512.000000, -6000.000000) 
[INFO] (512.000000, 0.000000, 0.000000) 
[INFO] (0.000000, 1.000000, 0.000000) 
[INFO] bruhMatrix: (-1.000000, 0.000000, 0.000000, 0.000000, 0.000000, 0.996379, -0.085024, -510.145996, -0.000000, -0.085024, -0.996379, 5978.273438, 0.000000, 0.000000, 0.000000, 1.000000, ) 
[INFO] (512.000000, -512.000000, -6000.000000) 
[INFO] (512.000000, 0.000000, 0.000000) 
[INFO] (0.000000, 1.000000, 0.000000) 
[INFO] bruhMatrix: (-1.000000, 0.000000, 0.000000, 0.000000, 0.000000, 0.996379, -0.085024, -510.145996, -0.000000, -0.085024, -0.996379, 5978.273438, 0.000000, 0.000000, 0.000000, 1.000000, ) 
[INFO] (512.000000, -512.000000, -6000.000000) 
[INFO] (512.000000, 0.000000, 0.000000) 
[INFO] (0.000000, 1.000000, 0.000000) 
[INFO] bruhMatrix: (-1.000000, 0.000000, 0.000000, 0.000000, 0.000000, 0.996379, -0.085024, -510.145996, -0.000000, -0.085024, -0.996379, 5978.273438, 0.000000, 0.000000, 0.000000, 1.000000, ) 
[INFO] (512.000000, -512.000000, -6000.000000) 
[INFO] (512.000000, 0.000000, 0.000000) 
[INFO] (0.000000, 1.000000, 0.000000) 
[INFO] bruhMatrix: (-1.000000, 0.000000, 0.000000, 0.000000, 0.000000, 0.996379, -0.085024, -510.145996, -0.000000, -0.085024, -0.996379, 5978.273438, 0.000000, 0.000000, 0.000000, 1.000000, ) 
[INFO] (512.000000, -512.000000, -6000.000000) 
[INFO] (512.000000, 0.000000, 0.000000) 
[INFO] (0.000000, 1.000000, 0.000000) 
[INFO] bruhMatrix: (-1.000000, 0.000000, 0.000000, 0.000000, 0.000000, 0.996379, -0.085024, -510.145996, -0.000000, -0.085024, -0.996379, 5978.273438, 0.000000, 0.000000, 0.000000, 1.000000, ) 
[INFO] (512.000000, -512.000000, -6000.000000) 
[INFO] (512.000000, 0.000000, 0.000000) 
[INFO] (0.000000, 1.000000, 0.000000) 
[INFO] bruhMatrix: (-1.000000, 0.000000, 0.000000, 0.000000, 0.000000, 0.996379, -0.085024, -510.145996, -0.000000, -0.085024, -0.996379, 5978.273438, 0.000000, 0.000000, 0.000000, 1.000000, ) 
[INFO] (512.000000, -512.000000, -6000.000000) 
[INFO] (512.000000, 0.000000, 0.000000) 
[INFO] (0.000000, 1.000000, 0.000000) 
[INFO] bruhMatrix: (-1.000000, 0.000000, 0.000000, 0.000000, 0.000000, 0.996379, -0.085024, -510.145996, -0.000000, -0.085024, -0.996379, 5978.273438, 0.000000, 0.000000, 0.000000, 1.000000, ) 
[INFO] (512.000000, -512.000000, -6000.000000) 
[INFO] (512.000000, 0.000000, 0.000000) 
[INFO] (0.000000, 1.000000, 0.000000) 
[INFO] bruhMatrix: (-1.000000, 0.000000, 0.000000, 0.000000, 0.000000, 0.996379, -0.085024, -510.145996, -0.000000, -0.085024, -0.996379, 5978.273438, 0.000000, 0.000000, 0.000000, 1.000000, ) 
[INFO] (512.000000, -512.000000, -6000.000000) 
[INFO] (512.000000, 0.000000, 0.000000) 
[INFO] (0.000000, 1.000000, 0.000000) 
[INFO] bruhMatrix: (-1.000000, 0.000000, 0.000000, 0.000000, 0.000000, 0.996379, -0.085024, -510.145996, -0.000000, -0.085024, -0.996379, 5978.273438, 0.000000, 0.000000, 0.000000, 1.000000, ) 
[INFO] (512.000000, -512.000000, -6000.000000) 
[INFO] (512.000000, 0.000000, 0.000000) 
[INFO] (0.000000, 1.000000, 0.000000) 
[INFO] bruhMatrix: (-1.000000, 0.000000, 0.000000, 0.000000, 0.000000, 0.996379, -0.085024, -510.145996, -0.000000, -0.085024, -0.996379, 5978.273438, 0.000000, 0.000000, 0.000000, 1.000000, ) 
[INFO] (512.000000, -512.000000, -6000.000000) 
[INFO] (512.000000, 0.000000, 0.000000) 
[INFO] (0.000000, 1.000000, 0.000000) 
[INFO] bruhMatrix: (-1.000000, 0.000000, 0.000000, 0.000000, 0.000000, 0.996379, -0.085024, -510.145996, -0.000000, -0.085024, -0.996379, 5978.273438, 0.000000, 0.000000, 0.000000, 1.000000, ) 
[INFO] (512.000000, -512.000000, -6000.000000) 
[INFO] (512.000000, 0.000000, 0.000000) 
[INFO] (0.000000, 1.000000, 0.000000) 
[INFO] bruhMatrix: (-1.000000, 0.000000, 0.000000, 0.000000, 0.000000, 0.996379, -0.085024, -510.145996, -0.000000, -0.085024, -0.996379, 5978.273438, 0.000000, 0.000000, 0.000000, 1.000000, ) 
[INFO] (512.000000, -512.000000, -6000.000000) 
[INFO] (512.000000, 0.000000, 0.000000) 
[INFO] (0.000000, 1.000000, 0.000000) 
[INFO] bruhMatrix: (-1.000000, 0.000000, 0.000000, 0.000000, 0.000000, 0.996379, -0.085024, -510.145996, -0.000000, -0.085024, -0.996379, 5978.273438, 0.000000, 0.000000, 0.000000, 1.000000, ) 
[INFO] (512.000000, -512.000000, -6000.000000) 
[INFO] (512.000000, 0.000000, 0.000000) 
[INFO] (0.000000, 1.000000, 0.000000) 
[INFO] bruhMatrix: (-1.000000, 0.000000, 0.000000, 0.000000, 0.000000, 0.996379, -0.085024, -510.145996, -0.000000, -0.085024, -0.996379, 5978.273438, 0.000000, 0.000000, 0.000000, 1.000000, ) 
[INFO] (512.000000, -512.000000, -6000.000000) 
[INFO] (512.000000, 0.000000, 0.000000) 
[INFO] (0.000000, 1.000000, 0.000000) 
[INFO] bruhMatrix: (-1.000000, 0.000000, 0.000000, 0.000000, 0.000000, 0.996379, -0.085024, -510.145996, -0.000000, -0.085024, -0.996379, 5978.273438, 0.000000, 0.000000, 0.000000, 1.000000, ) 
[INFO] (512.000000, -512.000000, -6000.000000) 
[INFO] (512.000000, 0.000000, 0.000000) 
[INFO] (0.000000, 1.000000, 0.000000) 
[INFO] bruhMatrix: (-1.000000, 0.000000, 0.000000, 0.000000, 0.000000, 0.996379, -0.085024, -510.145996, -0.000000, -0.085024, -0.996379, 5978.273438, 0.000000, 0.000000, 0.000000, 1.000000, ) 
[INFO] (512.000000, -512.000000, -6000.000000) 
[INFO] (512.000000, 0.000000, 0.000000) 
[INFO] (0.000000, 1.000000, 0.000000) 
[INFO] bruhMatrix: (-1.000000, 0.000000, 0.000000, 0.000000, 0.000000, 0.996379, -0.085024, -510.145996, -0.000000, -0.085024, -0.996379, 5978.273438, 0.000000, 0.000000, 0.000000, 1.000000, ) 
[INFO] (512.000000, -512.000000, -6000.000000) 
[INFO] (512.000000, 0.000000, 0.000000) 
[INFO] (0.000000, 1.000000, 0.000000) 
[INFO] bruhMatrix: (-1.000000, 0.000000, 0.000000, 0.000000, 0.000000, 0.996379, -0.085024, -510.145996, -0.000000, -0.085024, -0.996379, 5978.273438, 0.000000, 0.000000, 0.000000, 1.000000, ) 
[INFO] (512.000000, -512.000000, -6000.000000) 
[INFO] (512.000000, 0.000000, 0.000000) 
[INFO] (0.000000, 1.000000, 0.000000) 
[INFO] bruhMatrix: (-1.000000, 0.000000, 0.000000, 0.000000, 0.000000, 0.996379, -0.085024, -510.145996, -0.000000, -0.085024, -0.996379, 5978.273438, 0.000000, 0.000000, 0.000000, 1.000000, ) 
[INFO] (512.000000, -512.000000, -6000.000000) 
[INFO] (512.000000, 0.000000, 0.000000) 
[INFO] (0.000000, 1.000000, 0.000000) 
[INFO] bruhMatrix: (-1.000000, 0.000000, 0.000000, 0.000000, 0.000000, 0.996379, -0.085024, -510.145996, -0.000000, -0.085024, -0.996379, 5978.273438, 0.000000, 0.000000, 0.000000, 1.000000, ) 
[INFO] (512.000000, -512.000000, -6000.000000) 
[INFO] (512.000000, 0.000000, 0.000000) 
[INFO] (0.000000, 1.000000, 0.000000) 
[INFO] bruhMatrix: (-1.000000, 0.000000, 0.000000, 0.000000, 0.000000, 0.996379, -0.085024, -510.145996, -0.000000, -0.085024, -0.996379, 5978.273438, 0.000000, 0.000000, 0.000000, 1.000000, ) 
[INFO] (512.000000, -512.000000, -6000.000000) 
[INFO] (512.000000, 0.000000, 0.000000) 
[INFO] (0.000000, 1.000000, 0.000000) 
[INFO] bruhMatrix: (-1.000000, 0.000000, 0.000000, 0.000000, 0.000000, 0.996379, -0.085024, -510.145996, -0.000000, -0.085024, -0.996379, 5978.273438, 0.000000, 0.000000, 0.000000, 1.000000, ) 
[INFO] (512.000000, -512.000000, -6000.000000) 
[INFO] (512.000000, 0.000000, 0.000000) 
[INFO] (0.000000, 1.000000, 0.000000) 
[INFO] bruhMatrix: (-1.000000, 0.000000, 0.000000, 0.000000, 0.000000, 0.996379, -0.085024, -510.145996, -0.000000, -0.085024, -0.996379, 5978.273438, 0.000000, 0.000000, 0.000000, 1.000000, ) 
[INFO] (512.000000, -512.000000, -6000.000000) 
[INFO] (512.000000, 0.000000, 0.000000) 
[INFO] (0.000000, 1.000000, 0.000000) 
[INFO] bruhMatrix: (-1.000000, 0.000000, 0.000000, 0.000000, 0.000000, 0.996379, -0.085024, -510.145996, -0.000000, -0.085024, -0.996379, 5978.273438, 0.000000, 0.000000, 0.000000, 1.000000, ) 
[INFO] (512.000000, -512.000000, -6000.000000) 
[INFO] (512.000000, 0.000000, 0.000000) 
[INFO] (0.000000, 1.000000, 0.000000) 
[INFO] bruhMatrix: (-1.000000, 0.000000, 0.000000, 0.000000, 0.000000, 0.996379, -0.085024, -510.145996, -0.000000, -0.085024, -0.996379, 5978.273438, 0.000000, 0.000000, 0.000000, 1.000000, ) 
[INFO] (512.000000, -512.000000, -6000.000000) 
[INFO] (512.000000, 0.000000, 0.000000) 
[INFO] (0.000000, 1.000000, 0.000000) 
[INFO] bruhMatrix: (-1.000000, 0.000000, 0.000000, 0.000000, 0.000000, 0.996379, -0.085024, -510.145996, -0.000000, -0.085024, -0.996379, 5978.273438, 0.000000, 0.000000, 0.000000, 1.000000, ) 
[INFO] (512.000000, -512.000000, -6000.000000) 
[INFO] (512.000000, 0.000000, 0.000000) 
[INFO] (0.000000, 1.000000, 0.000000) 
[INFO] bruhMatrix: (-1.000000, 0.000000, 0.000000, 0.000000, 0.000000, 0.996379, -0.085024, -510.145996, -0.000000, -0.085024, -0.996379, 5978.273438, 0.000000, 0.000000, 0.000000, 1.000000, ) 
[INFO] (512.000000, -512.000000, -6000.000000) 
[INFO] (512.000000, 0.000000, 0.000000) 
[INFO] (0.000000, 1.000000, 0.000000) 
[INFO] bruhMatrix: (-1.000000, 0.000000, 0.000000, 0.000000, 0.000000, 0.996379, -0.085024, -510.145996, -0.000000, -0.085024, -0.996379, 5978.273438, 0.000000, 0.000000, 0.000000, 1.000000, ) 
[INFO] (512.000000, -512.000000, -6000.000000) 
[INFO] (512.000000, 0.000000, 0.000000) 
[INFO] (0.000000, 1.000000, 0.000000) 
[INFO] bruhMatrix: (-1.000000, 0.000000, 0.000000, 0.000000, 0.000000, 0.996379, -0.085024, -510.145996, -0.000000, -0.085024, -0.996379, 5978.273438, 0.000000, 0.000000, 0.000000, 1.000000, ) 
[INFO] (512.000000, -512.000000, -6000.000000) 
[INFO] (512.000000, 0.000000, 0.000000) 
[INFO] (0.000000, 1.000000, 0.000000) 
[INFO] bruhMatrix: (-1.000000, 0.000000, 0.000000, 0.000000, 0.000000, 0.996379, -0.085024, -510.145996, -0.000000, -0.085024, -0.996379, 5978.273438, 0.000000, 0.000000, 0.000000, 1.000000, ) 
[INFO] (512.000000, -512.000000, -6000.000000) 
[INFO] (512.000000, 0.000000, 0.000000) 
[INFO] (0.000000, 1.000000, 0.000000) 
[INFO] bruhMatrix: (-1.000000, 0.000000, 0.000000, 0.000000, 0.000000, 0.996379, -0.085024, -510.145996, -0.000000, -0.085024, -0.996379, 5978.273438, 0.000000, 0.000000, 0.000000, 1.000000, ) 
[INFO] (512.000000, -512.000000, -6000.000000) 
[INFO] (512.000000, 0.000000, 0.000000) 
[INFO] (0.000000, 1.000000, 0.000000) 
[INFO] bruhMatrix: (-1.000000, 0.000000, 0.000000, 0.000000, 0.000000, 0.996379, -0.085024, -510.145996, -0.000000, -0.085024, -0.996379, 5978.273438, 0.000000, 0.000000, 0.000000, 1.000000, ) 
[INFO] (512.000000, -512.000000, -6000.000000) 
[INFO] (512.000000, 0.000000, 0.000000) 
[INFO] (0.000000, 1.000000, 0.000000) 
[INFO] bruhMatrix: (-1.000000, 0.000000, 0.000000, 0.000000, 0.000000, 0.996379, -0.085024, -510.145996, -0.000000, -0.085024, -0.996379, 5978.273438, 0.000000, 0.000000, 0.000000, 1.000000, ) 
[INFO] (512.000000, -512.000000, -6000.000000) 
[INFO] (512.000000, 0.000000, 0.000000) 
[INFO] (0.000000, 1.000000, 0.000000) 
[INFO] bruhMatrix: (-1.000000, 0.000000, 0.000000, 0.000000, 0.000000, 0.996379, -0.085024, -510.145996, -0.000000, -0.085024, -0.996379, 5978.273438, 0.000000, 0.000000, 0.000000, 1.000000, ) 
[INFO] (512.000000, -512.000000, -6000.000000) 
[INFO] (512.000000, 0.000000, 0.000000) 
[INFO] (0.000000, 1.000000, 0.000000) 
[INFO] bruhMatrix: (-1.000000, 0.000000, 0.000000, 0.000000, 0.000000, 0.996379, -0.085024, -510.145996, -0.000000, -0.085024, -0.996379, 5978.273438, 0.000000, 0.000000, 0.000000, 1.000000, ) 
[INFO] (512.000000, -512.000000, -6000.000000) 
[INFO] (512.000000, 0.000000, 0.000000) 
[INFO] (0.000000, 1.000000, 0.000000) 
[INFO] bruhMatrix: (-1.000000, 0.000000, 0.000000, 0.000000, 0.000000, 0.996379, -0.085024, -510.145996, -0.000000, -0.085024, -0.996379, 5978.273438, 0.000000, 0.000000, 0.000000, 1.000000, ) 
[INFO] (512.000000, -512.000000, -6000.000000) 
[INFO] (512.000000, 0.000000, 0.000000) 
[INFO] (0.000000, 1.000000, 0.000000) 
[INFO] bruhMatrix: (-1.000000, 0.000000, 0.000000, 0.000000, 0.000000, 0.996379, -0.085024, -510.145996, -0.000000, -0.085024, -0.996379, 5978.273438, 0.000000, 0.000000, 0.000000, 1.000000, ) 
[INFO] (512.000000, -512.000000, -6000.000000) 
[INFO] (512.000000, 0.000000, 0.000000) 
[INFO] (0.000000, 1.000000, 0.000000) 
[INFO] bruhMatrix: (-1.000000, 0.000000, 0.000000, 0.000000, 0.000000, 0.996379, -0.085024, -510.145996, -0.000000, -0.085024, -0.996379, 5978.273438, 0.000000, 0.000000, 0.000000, 1.000000, ) 
[INFO] (512.000000, -512.000000, -6000.000000) 
[INFO] (512.000000, 0.000000, 0.000000) 
[INFO] (0.000000, 1.000000, 0.000000) 
[INFO] bruhMatrix: (-1.000000, 0.000000, 0.000000, 0.000000, 0.000000, 0.996379, -0.085024, -510.145996, -0.000000, -0.085024, -0.996379, 5978.273438, 0.000000, 0.000000, 0.000000, 1.000000, ) 
[INFO] (512.000000, -512.000000, -6000.000000) 
[INFO] (512.000000, 0.000000, 0.000000) 
[INFO] (0.000000, 1.000000, 0.000000) 
[INFO] bruhMatrix: (-1.000000, 0.000000, 0.000000, 0.000000, 0.000000, 0.996379, -0.085024, -510.145996, -0.000000, -0.085024, -0.996379, 5978.273438, 0.000000, 0.000000, 0.000000, 1.000000, ) 
[INFO] (512.000000, -512.000000, -6000.000000) 
[INFO] (512.000000, 0.000000, 0.000000) 
[INFO] (0.000000, 1.000000, 0.000000) 
[INFO] bruhMatrix: (-1.000000, 0.000000, 0.000000, 0.000000, 0.000000, 0.996379, -0.085024, -510.145996, -0.000000, -0.085024, -0.996379, 5978.273438, 0.000000, 0.000000, 0.000000, 1.000000, ) 
[INFO] (512.000000, -512.000000, -6000.000000) 
[INFO] (512.000000, 0.000000, 0.000000) 
[INFO] (0.000000, 1.000000, 0.000000) 
[INFO] bruhMatrix: (-1.000000, 0.000000, 0.000000, 0.000000, 0.000000, 0.996379, -0.085024, -510.145996, -0.000000, -0.085024, -0.996379, 5978.273438, 0.000000, 0.000000, 0.000000, 1.000000, ) 
[INFO] (512.000000, -512.000000, -6000.000000) 
[INFO] (512.000000, 0.000000, 0.000000) 
[INFO] (0.000000, 1.000000, 0.000000) 
[INFO] bruhMatrix: (-1.000000, 0.000000, 0.000000, 0.000000, 0.000000, 0.996379, -0.085024, -510.145996, -0.000000, -0.085024, -0.996379, 5978.273438, 0.000000, 0.000000, 0.000000, 1.000000, ) 
[INFO] (512.000000, -512.000000, -6000.000000) 
[INFO] (512.000000, 0.000000, 0.000000) 
[INFO] (0.000000, 1.000000, 0.000000) 
[INFO] bruhMatrix: (-1.000000, 0.000000, 0.000000, 0.000000, 0.000000, 0.996379, -0.085024, -510.145996, -0.000000, -0.085024, -0.996379, 5978.273438, 0.000000, 0.000000, 0.000000, 1.000000, ) 
[INFO] (512.000000, -512.000000, -6000.000000) 
[INFO] (512.000000, 0.000000, 0.000000) 
[INFO] (0.000000, 1.000000, 0.000000) 
[INFO] bruhMatrix: (-1.000000, 0.000000, 0.000000, 0.000000, 0.000000, 0.996379, -0.085024, -510.145996, -0.000000, -0.085024, -0.996379, 5978.273438, 0.000000, 0.000000, 0.000000, 1.000000, ) 
[INFO] (512.000000, -512.000000, -6000.000000) 
[INFO] (512.000000, 0.000000, 0.000000) 
[INFO] (0.000000, 1.000000, 0.000000) 
[INFO] bruhMatrix: (-1.000000, 0.000000, 0.000000, 0.000000, 0.000000, 0.996379, -0.085024, -510.145996, -0.000000, -0.085024, -0.996379, 5978.273438, 0.000000, 0.000000, 0.000000, 1.000000, ) 
[INFO] (512.000000, -512.000000, -6000.000000) 
[INFO] (512.000000, 0.000000, 0.000000) 
[INFO] (0.000000, 1.000000, 0.000000) 
[INFO] bruhMatrix: (-1.000000, 0.000000, 0.000000, 0.000000, 0.000000, 0.996379, -0.085024, -510.145996, -0.000000, -0.085024, -0.996379, 5978.273438, 0.000000, 0.000000, 0.000000, 1.000000, ) 
[INFO] (512.000000, -512.000000, -6000.000000) 
[INFO] (512.000000, 0.000000, 0.000000) 
[INFO] (0.000000, 1.000000, 0.000000) 
[INFO] bruhMatrix: (-1.000000, 0.000000, 0.000000, 0.000000, 0.000000, 0.996379, -0.085024, -510.145996, -0.000000, -0.085024, -0.996379, 5978.273438, 0.000000, 0.000000, 0.000000, 1.000000, ) 
[INFO] (512.000000, -512.000000, -6000.000000) 
[INFO] (512.000000, 0.000000, 0.000000) 
[INFO] (0.000000, 1.000000, 0.000000) 
[INFO] bruhMatrix: (-1.000000, 0.000000, 0.000000, 0.000000, 0.000000, 0.996379, -0.085024, -510.145996, -0.000000, -0.085024, -0.996379, 5978.273438, 0.000000, 0.000000, 0.000000, 1.000000, ) 
[INFO] (512.000000, -512.000000, -6000.000000) 
[INFO] (512.000000, 0.000000, 0.000000) 
[INFO] (0.000000, 1.000000, 0.000000) 
[INFO] bruhMatrix: (-1.000000, 0.000000, 0.000000, 0.000000, 0.000000, 0.996379, -0.085024, -510.145996, -0.000000, -0.085024, -0.996379, 5978.273438, 0.000000, 0.000000, 0.000000, 1.000000, ) 
[INFO] (512.000000, -512.000000, -6000.000000) 
[INFO] (512.000000, 0.000000, 0.000000) 
[INFO] (0.000000, 1.000000, 0.000000) 
[INFO] bruhMatrix: (-1.000000, 0.000000, 0.000000, 0.000000, 0.000000, 0.996379, -0.085024, -510.145996, -0.000000, -0.085024, -0.996379, 5978.273438, 0.000000, 0.000000, 0.000000, 1.000000, ) 
[INFO] (512.000000, -512.000000, -6000.000000) 
[INFO] (512.000000, 0.000000, 0.000000) 
[INFO] (0.000000, 1.000000, 0.000000) 
[INFO] bruhMatrix: (-1.000000, 0.000000, 0.000000, 0.000000, 0.000000, 0.996379, -0.085024, -510.145996, -0.000000, -0.085024, -0.996379, 5978.273438, 0.000000, 0.000000, 0.000000, 1.000000, ) 
[INFO] (512.000000, -512.000000, -6000.000000) 
[INFO] (512.000000, 0.000000, 0.000000) 
[INFO] (0.000000, 1.000000, 0.000000) 
[INFO] bruhMatrix: (-1.000000, 0.000000, 0.000000, 0.000000, 0.000000, 0.996379, -0.085024, -510.145996, -0.000000, -0.085024, -0.996379, 5978.273438, 0.000000, 0.000000, 0.000000, 1.000000, ) 
[INFO] (512.000000, -512.000000, -6000.000000) 
[INFO] (512.000000, 0.000000, 0.000000) 
[INFO] (0.000000, 1.000000, 0.000000) 
[INFO] bruhMatrix: (-1.000000, 0.000000, 0.000000, 0.000000, 0.000000, 0.996379, -0.085024, -510.145996, -0.000000, -0.085024, -0.996379, 5978.273438, 0.000000, 0.000000, 0.000000, 1.000000, ) 
[INFO] (512.000000, -512.000000, -6000.000000) 
[INFO] (512.000000, 0.000000, 0.000000) 
[INFO] (0.000000, 1.000000, 0.000000) 
[INFO] bruhMatrix: (-1.000000, 0.000000, 0.000000, 0.000000, 0.000000, 0.996379, -0.085024, -510.145996, -0.000000, -0.085024, -0.996379, 5978.273438, 0.000000, 0.000000, 0.000000, 1.000000, ) 
[INFO] (512.000000, -512.000000, -6000.000000) 
[INFO] (512.000000, 0.000000, 0.000000) 
[INFO] (0.000000, 1.000000, 0.000000) 
[INFO] bruhMatrix: (-1.000000, 0.000000, 0.000000, 0.000000, 0.000000, 0.996379, -0.085024, -510.145996, -0.000000, -0.085024, -0.996379, 5978.273438, 0.000000, 0.000000, 0.000000, 1.000000, ) 
[INFO] (512.000000, -512.000000, -6000.000000) 
[INFO] (512.000000, 0.000000, 0.000000) 
[INFO] (0.000000, 1.000000, 0.000000) 
[INFO] bruhMatrix: (-1.000000, 0.000000, 0.000000, 0.000000, 0.000000, 0.996379, -0.085024, -510.145996, -0.000000, -0.085024, -0.996379, 5978.273438, 0.000000, 0.000000, 0.000000, 1.000000, ) 
[INFO] (512.000000, -512.000000, -6000.000000) 
[INFO] (512.000000, 0.000000, 0.000000) 
[INFO] (0.000000, 1.000000, 0.000000) 
[INFO] bruhMatrix: (-1.000000, 0.000000, 0.000000, 0.000000, 0.000000, 0.996379, -0.085024, -510.145996, -0.000000, -0.085024, -0.996379, 5978.273438, 0.000000, 0.000000, 0.000000, 1.000000, ) 
[INFO] (512.000000, -512.000000, -6000.000000) 
[INFO] (512.000000, 0.000000, 0.000000) 
[INFO] (0.000000, 1.000000, 0.000000) 
[INFO] bruhMatrix: (-1.000000, 0.000000, 0.000000, 0.000000, 0.000000, 0.996379, -0.085024, -510.145996, -0.000000, -0.085024, -0.996379, 5978.273438, 0.000000, 0.000000, 0.000000, 1.000000, ) 
[INFO] (512.000000, -512.000000, -6000.000000) 
[INFO] (512.000000, 0.000000, 0.000000) 
[INFO] (0.000000, 1.000000, 0.000000) 
[INFO] bruhMatrix: (-1.000000, 0.000000, 0.000000, 0.000000, 0.000000, 0.996379, -0.085024, -510.145996, -0.000000, -0.085024, -0.996379, 5978.273438, 0.000000, 0.000000, 0.000000, 1.000000, ) 
[INFO] (512.000000, -512.000000, -6000.000000) 
[INFO] (512.000000, 0.000000, 0.000000) 
[INFO] (0.000000, 1.000000, 0.000000) 
[INFO] bruhMatrix: (-1.000000, 0.000000, 0.000000, 0.000000, 0.000000, 0.996379, -0.085024, -510.145996, -0.000000, -0.085024, -0.996379, 5978.273438, 0.000000, 0.000000, 0.000000, 1.000000, ) 
[INFO] (512.000000, -512.000000, -6000.000000) 
[INFO] (512.000000, 0.000000, 0.000000) 
[INFO] (0.000000, 1.000000, 0.000000) 
[INFO] bruhMatrix: (-1.000000, 0.000000, 0.000000, 0.000000, 0.000000, 0.996379, -0.085024, -510.145996, -0.000000, -0.085024, -0.996379, 5978.273438, 0.000000, 0.000000, 0.000000, 1.000000, ) 
[INFO] (512.000000, -512.000000, -6000.000000) 
[INFO] (512.000000, 0.000000, 0.000000) 
[INFO] (0.000000, 1.000000, 0.000000) 
[INFO] bruhMatrix: (-1.000000, 0.000000, 0.000000, 0.000000, 0.000000, 0.996379, -0.085024, -510.145996, -0.000000, -0.085024, -0.996379, 5978.273438, 0.000000, 0.000000, 0.000000, 1.000000, ) 
[INFO] (512.000000, -512.000000, -6000.000000) 
[INFO] (512.000000, 0.000000, 0.000000) 
[INFO] (0.000000, 1.000000, 0.000000) 
[INFO] bruhMatrix: (-1.000000, 0.000000, 0.000000, 0.000000, 0.000000, 0.996379, -0.085024, -510.145996, -0.000000, -0.085024, -0.996379, 5978.273438, 0.000000, 0.000000, 0.000000, 1.000000, ) 
[INFO] (512.000000, -512.000000, -6000.000000) 
[INFO] (512.000000, 0.000000, 0.000000) 
[INFO] (0.000000, 1.000000, 0.000000) 
[INFO] bruhMatrix: (-1.000000, 0.000000, 0.000000, 0.000000, 0.000000, 0.996379, -0.085024, -510.145996, -0.000000, -0.085024, -0.996379, 5978.273438, 0.000000, 0.000000, 0.000000, 1.000000, ) 
[INFO] (512.000000, -512.000000, -6000.000000) 
[INFO] (512.000000, 0.000000, 0.000000) 
[INFO] (0.000000, 1.000000, 0.000000) 
[INFO] bruhMatrix: (-1.000000, 0.000000, 0.000000, 0.000000, 0.000000, 0.996379, -0.085024, -510.145996, -0.000000, -0.085024, -0.996379, 5978.273438, 0.000000, 0.000000, 0.000000, 1.000000, ) 
[INFO] (512.000000, -512.000000, -6000.000000) 
[INFO] (512.000000, 0.000000, 0.000000) 
[INFO] (0.000000, 1.000000, 0.000000) 
[INFO] bruhMatrix: (-1.000000, 0.000000, 0.000000, 0.000000, 0.000000, 0.996379, -0.085024, -510.145996, -0.000000, -0.085024, -0.996379, 5978.273438, 0.000000, 0.000000, 0.000000, 1.000000, ) 
[INFO] (512.000000, -512.000000, -6000.000000) 
[INFO] (512.000000, 0.000000, 0.000000) 
[INFO] (0.000000, 1.000000, 0.000000) 
[INFO] bruhMatrix: (-1.000000, 0.000000, 0.000000, 0.000000, 0.000000, 0.996379, -0.085024, -510.145996, -0.000000, -0.085024, -0.996379, 5978.273438, 0.000000, 0.000000, 0.000000, 1.000000, ) 
[INFO] (512.000000, -512.000000, -6000.000000) 
[INFO] (512.000000, 0.000000, 0.000000) 
[INFO] (0.000000, 1.000000, 0.000000) 
[INFO] bruhMatrix: (-1.000000, 0.000000, 0.000000, 0.000000, 0.000000, 0.996379, -0.085024, -510.145996, -0.000000, -0.085024, -0.996379, 5978.273438, 0.000000, 0.000000, 0.000000, 1.000000, ) 
[INFO] (512.000000, -512.000000, -6000.000000) 
[INFO] (512.000000, 0.000000, 0.000000) 
[INFO] (0.000000, 1.000000, 0.000000) 
[INFO] bruhMatrix: (-1.000000, 0.000000, 0.000000, 0.000000, 0.000000, 0.996379, -0.085024, -510.145996, -0.000000, -0.085024, -0.996379, 5978.273438, 0.000000, 0.000000, 0.000000, 1.000000, ) 
[INFO] (512.000000, -512.000000, -6000.000000) 
[INFO] (512.000000, 0.000000, 0.000000) 
[INFO] (0.000000, 1.000000, 0.000000) 
[INFO] bruhMatrix: (-1.000000, 0.000000, 0.000000, 0.000000, 0.000000, 0.996379, -0.085024, -510.145996, -0.000000, -0.085024, -0.996379, 5978.273438, 0.000000, 0.000000, 0.000000, 1.000000, ) 
[INFO] (512.000000, -512.000000, -6000.000000) 
[INFO] (512.000000, 0.000000, 0.000000) 
[INFO] (0.000000, 1.000000, 0.000000) 
[INFO] bruhMatrix: (-1.000000, 0.000000, 0.000000, 0.000000, 0.000000, 0.996379, -0.085024, -510.145996, -0.000000, -0.085024, -0.996379, 5978.273438, 0.000000, 0.000000, 0.000000, 1.000000, ) 
[INFO] (512.000000, -512.000000, -6000.000000) 
[INFO] (512.000000, 0.000000, 0.000000) 
[INFO] (0.000000, 1.000000, 0.000000) 
[INFO] bruhMatrix: (-1.000000, 0.000000, 0.000000, 0.000000, 0.000000, 0.996379, -0.085024, -510.145996, -0.000000, -0.085024, -0.996379, 5978.273438, 0.000000, 0.000000, 0.000000, 1.000000, ) 
[INFO] (512.000000, -512.000000, -6000.000000) 
[INFO] (512.000000, 0.000000, 0.000000) 
[INFO] (0.000000, 1.000000, 0.000000) 
[INFO] bruhMatrix: (-1.000000, 0.000000, 0.000000, 0.000000, 0.000000, 0.996379, -0.085024, -510.145996, -0.000000, -0.085024, -0.996379, 5978.273438, 0.000000, 0.000000, 0.000000, 1.000000, ) 
[INFO] (512.000000, -512.000000, -6000.000000) 
[INFO] (512.000000, 0.000000, 0.000000) 
[INFO] (0.000000, 1.000000, 0.000000) 
[INFO] bruhMatrix: (-1.000000, 0.000000, 0.000000, 0.000000, 0.000000, 0.996379, -0.085024, -510.145996, -0.000000, -0.085024, -0.996379, 5978.273438, 0.000000, 0.000000, 0.000000, 1.000000, ) 
